,multiqc 3_shell_commands.txt,startPE_shell_commands.txt,RNA_SeqC_shell_commands.txt,merge_trimmed_PE_shell_commands.txt,merge_trimmed_SE_shell_commands.txt,sort_bams_shell_commands.txt,sort_index_bams_shell_commands.txt,cutadapt 2_shell_commands.txt,fastqc 3_shell_commands.txt,starSE_shell_commands.txt,hisat2_shell_commands.txt,generate_genome_star_index_shell_commands.txt,rsem_norm_shell_commands.txt,tximeta_shell_commands.txt,fastp_trimming_PE_shell_commands.txt,pass2_shell_commands.txt,cutadapt_shell_commands.txt,run_star_se_shell_commands.txt,salmon_quant_pe_shell_commands.txt,fetch_unique_stringtie_shell_commands.txt,bigwig_shell_commands.txt,run_star_pe_shell_commands.txt,edgeR_shell_commands.txt,salmon_quant_se_shell_commands.txt,fastp_trimming_SE_shell_commands.txt,fastqc 5_shell_commands.txt,trim_galore_pe_shell_commands.txt,samtools_flagstat_shell_commands.txt,bamindex_shell_commands.txt,expressbam_shell_commands.txt,map_shell_commands.txt,pass1_shell_commands.txt,fastqScreen_shell_commands.txt,featureCounts 2_shell_commands.txt,run_multiqc_shell_commands.txt,picard_rna_seq_shell_commands.txt,trimgaloreSE_shell_commands.txt,kallistoQuant_shell_commands.txt,fastqc_trimmed_shell_commands.txt,salmonSE_shell_commands.txt,MultiQC_shell_commands.txt,salmon_index_shell_commands.txt,salmonPE_shell_commands.txt,featureCounts_shell_commands.txt,sortbam_shell_commands.txt,trimgalorePE_shell_commands.txt,fastqc 4_shell_commands.txt,mark_dups_shell_commands.txt,fastqc 2_shell_commands.txt,salmon_quant_shell_commands.txt,starindex_shell_commands.txt,fastqctrimmed_shell_commands.txt,sampleReads_shell_commands.txt,star_genome_shell_commands.txt,fastqcrim_shell_commands.txt,fastqc_shell_commands.txt,compare_reference_stringtie_shell_commands.txt,DRIMSeq_shell_commands.txt,multiqc 2_shell_commands.txt,salmon_index_extended_shell_commands.txt,samtools_bam_shell_commands.txt,samlon_quant_shell_commands.txt
multiqc 3_shell_commands.txt,1.0,0.10074579944342352,0.06921746638895643,0.10700921492828624,0.09290415275142609,0.0,0.0,0.0,0.32412725641032736,0.10368483643570012,0.0,0.043074557114941056,0.09747521446138342,0.12300897871912107,0.0361669472742944,0.050169648271567564,0.0,0.1761670635317151,0.23223576980617708,0.12564240327460766,0.05159817454020311,0.17136033398921263,0.16423292653578542,0.25641323777618547,0.05164489950443961,0.0,0.13763584011921218,0.0,0.0,0.0,0.0,0.05094461333552772,0.08031857431848248,0.11050154344728656,0.3512163337746629,0.0,0.04165603721922229,0.0,0.07985239935273393,0.1298757392893309,0.34096968934405225,0.22941432484118948,0.12423437292226817,0.0,0.0,0.03909891443895655,0.17455540875280795,0.03741588887428365,0.07648353469659239,0.18797775060540242,0.0,0.046314126682885655,0.13204479751646725,0.03709802383045618,0.17455540875280795,0.046314126682885655,0.16588522449819476,0.1398643119266546,0.1738114722659923,0.2726741275289328,0.0,0.15253573828487124
startPE_shell_commands.txt,0.10074579944342352,1.0,0.09167911842153444,0.042200178359384194,0.03663770282835064,0.023480696795038843,0.028323429922326136,0.0,0.07077120656887223,0.9481682129917613,0.0,0.16922782294867736,0.12346861015775219,0.0839442064453523,0.04883719277342923,0.24016057541697775,0.06555090110123299,0.2818474292270211,0.12770627109565258,0.07421024892319578,0.2559002351670385,0.28088434128369544,0.09630657369633025,0.13261304127456577,0.059600298049810735,0.013093749265211077,0.08129413072174305,0.02157542444659666,0.2329716577038775,0.06192488094765175,0.37271362062077434,0.20282629385387957,0.08389524083134765,0.14103274452210743,0.03409528544804219,0.006283802470986869,0.18350785169048747,0.0,0.11373944699894917,0.36572492526571,0.21153708888476597,0.09951405871440769,0.44689813341393253,0.09226489238686093,0.07151383105672784,0.2638819220102767,0.04570806099759156,0.049557660600817906,0.10894093366547691,0.11659588611282642,0.151865913320971,0.2165483211206987,0.19651939860630402,0.23197235322867912,0.04570806099759156,0.2165483211206987,0.0816990331715245,0.08738872867591924,0.01888367931528595,0.11623415679432715,0.01737464871745933,0.07149681508470204
RNA_SeqC_shell_commands.txt,0.06921746638895643,0.09167911842153444,1.0000000000000002,0.028993659719172716,0.02517195732328349,0.04839728356453991,0.05837889230616101,0.0,0.06800216920653007,0.08037086024378702,0.0,0.10992283902057935,0.19538290803652103,0.07065357240263481,0.039063818903561025,0.09860570500319278,0.025747606411127198,0.061986253025896595,0.15121055194673605,0.0848741233638778,0.046954564658180195,0.07416060580594053,0.07772050444046294,0.14966292450940277,0.03488723120071635,0.026988206595525702,0.19426375309407842,0.044470227782502134,0.07747411175739993,0.05241463027017581,0.0414230379051254,0.07190490338791343,0.038009431139322036,0.2171847515569632,0.023425187824799087,0.01295187160357883,0.028139541664665743,0.0,0.05394199901408037,0.052704104322947296,0.024901239636679645,0.08743879731176606,0.06716889184346436,0.10928514199238314,0.14740087104954808,0.04223062846265685,0.16617544995539787,0.0818705383194328,0.051666259080989235,0.09656247442814217,0.04636760964853818,0.031286180454397045,0.06248800705309518,0.13969809918096132,0.16617544995539787,0.031286180454397045,0.07850242700515901,0.07184703508968969,0.0389221321045647,0.09820970108359565,0.035811790772359735,0.07304092892101577
merge_trimmed_PE_shell_commands.txt,0.10700921492828624,0.042200178359384194,0.028993659719172716,1.0,0.8269992358814269,0.12211958869799557,0.0,0.0,0.06019143907771737,0.043431275695095466,0.0,0.018042975519022033,0.07399957733070987,0.08291933247231492,0.16283446067875448,0.021014951660358546,0.06496825592890317,0.1271202936818902,0.09727840725263422,0.1167601913703569,0.039171425557867234,0.19160586124749268,0.06879352618751992,0.10740581173251654,0.17979886364704212,0.0,0.05765259726720638,0.11221055245514507,0.0,0.0661282268230567,0.015746096629015088,0.02133956731780614,0.11563733754297738,0.10268970525361254,0.03621500597252925,0.03268111589339635,0.01744878903247493,0.0,0.03344839699249733,0.05440206334006534,0.03849696100242347,0.06774310573877516,0.05203902023359447,0.04805178261548833,0.0994809743748092,0.016377667079895068,0.03241548201774717,0.13026134945546552,0.03203725439257547,0.07873970574424433,0.0,0.019399959277453256,0.12270997231552189,0.015539538433114605,0.03241548201774717,0.019399959277453256,0.06948563711523834,0.058586054624857706,0.0,0.08692933341082928,0.09036294679281386,0.02832636076283997
merge_trimmed_SE_shell_commands.txt,0.09290415275142609,0.03663770282835064,0.02517195732328349,0.8269992358814269,1.0,0.10602280308236257,0.0,0.0,0.05225750561904406,0.03770652718151913,0.0,0.015664700977694665,0.06424557025748229,0.0719895976735917,0.14137098023037858,0.018244936012531243,0.05640468231504692,0.15666295057616603,0.08445597898153744,0.1013698368091663,0.03400817495911981,0.1523883919972039,0.059725737353719846,0.09324847347282968,0.15609927709489407,0.0,0.05005331276020016,0.09741989334844715,0.0,0.057411755520937365,0.0136705775053214,0.0185267635415457,0.10039498820789115,0.08915400481420324,0.031441445944823065,0.02837336378069789,0.015148835197855053,0.0,0.029039508284999994,0.04723123710350849,0.03342261269584777,0.05881377456725511,0.045179670629827695,0.04171799741806724,0.08636822207668532,0.014218899607125093,0.02814274354695631,0.11309138484501235,0.027814370732640186,0.06836089447967668,0.0,0.01684281845532485,0.10653536725565702,0.013491246087958346,0.02814274354695631,0.01684281845532485,0.06032661999165691,0.05086372955468183,0.0,0.07547103373472688,0.07845205683954094,0.024592616149613993
sort_bams_shell_commands.txt,0.0,0.023480696795038843,0.04839728356453991,0.12211958869799557,0.10602280308236257,1.0000000000000002,0.48965665915644596,0.0,0.02511844118177724,0.01208284722559118,0.0,0.030117998590040603,0.04843898864552142,0.06734789641985808,0.19038394501888906,0.01753946525641454,0.09487657420050585,0.012317710793640156,0.027063449423733,0.11561692559639157,0.09743928913694888,0.023963242541086102,0.028708171256665718,0.014940477726413624,0.19486766948890072,0.02332111599244571,0.04811791828280483,0.4984361245033241,0.485609210481165,0.11921687106679119,0.03377970015869991,0.017810395455898666,0.10569987370702034,0.10168421165192214,0.0,0.04772595897307624,0.01456308032242124,0.0,0.027916647461974614,0.015134987622967158,0.0,0.03769309485519547,0.028955149080411472,0.10308426571263546,0.5180049273245281,0.027338204471895777,0.027054557622070995,0.15425916521457939,0.02673888188805401,0.03943056416750992,0.04006729380400092,0.01619156290350196,0.09842681264580756,0.06484792324373158,0.027054557622070995,0.01619156290350196,0.028996995512997482,0.029338199379485917,0.033633489289886145,0.03627641042826226,0.401389673365297,0.04728340359475461
sort_index_bams_shell_commands.txt,0.0,0.028323429922326136,0.05837889230616101,0.0,0.0,0.48965665915644596,1.0000000000000002,0.0,0.030298947888141737,0.014574851830142992,0.0,0.036329629819417,0.013701972792975473,0.038905251968743844,0.03050366374440867,0.021156860011500758,0.026837807203190754,0.014858154402848081,0.1424500976615965,0.0529842011887468,0.0145061857544751,0.02890549742831999,0.03462903524047502,0.13925836143131073,0.021778982846540767,0.028130936670586255,0.05804190984567346,0.44992490412954783,0.7310664285402052,0.05463396167224233,0.019513716329161122,0.021483667711711417,0.01693542701337299,0.046599204226311856,0.0,0.013500277558503825,0.017566616040647288,0.0,0.03367426507643441,0.01825647531060309,0.0,0.19839987723744448,0.03492695055126382,0.059549288764132645,0.04109470344376171,0.03297652217567772,0.032634375102964006,0.03155703698914348,0.03225359340774199,0.1542177172609442,0.04833089912709274,0.01953096201673067,0.027842065796244538,0.078222363911717,0.032634375102964006,0.01953096201673067,0.03497742752437901,0.03538900235480542,0.0405701664333348,0.1909430733462403,0.3623236788614173,0.2488790454752168
cutadapt 2_shell_commands.txt,0.0,0.0,0.0,0.0,0.0,0.0,0.0,1.0,0.0,0.0,0.0,0.0,0.0,0.0,0.0,0.0,0.0,0.0,0.0,0.0,0.0,0.0,0.0,0.0,0.0,0.0,0.0,0.0,0.0,0.0,0.0,0.0,0.0,0.0,0.0,0.0,0.0,0.0,0.0,0.0,0.0,0.0,0.0,0.0,0.0,0.0,0.0,0.0,0.0,0.0,0.0,0.0,0.0,0.0,0.0,0.0,0.0,0.0,0.0,0.0,0.0,0.0
fastqc 3_shell_commands.txt,0.32412725641032736,0.07077120656887223,0.06800216920653007,0.06019143907771737,0.05225750561904406,0.02511844118177724,0.030298947888141737,0.0,1.0,0.06557865780485524,0.0,0.04231826841171278,0.06165119175919329,0.08856291064243423,0.11861722543995346,0.03875431504866698,0.013363141266947208,0.10649013036557126,0.14688464197569606,0.097054403363942,0.036246325793584354,0.11078088549480505,0.10962167848900242,0.15320294422487993,0.15853623433552355,0.2966909128214433,0.1063189177866095,0.023080278863284072,0.01075483959425479,0.027203464957910352,0.009716313481777759,0.039352948710155954,0.0536107899698009,0.08535861373672533,0.2928825360055551,0.006722088536944078,0.032177845484071946,0.0,0.17447922331072435,0.08214389834418524,0.05169549008536169,0.26590493424068795,0.08727129585163151,0.029650915668204367,0.020461967078182177,0.038412428743473566,0.38771670558939886,0.03675895318017178,0.2751554814324276,0.12941789920924857,0.0240650298924992,0.29746130785338293,0.08813684712816454,0.05981586222709974,0.38771670558939886,0.29746130785338293,0.1107245491485215,0.09629302066653452,0.020200788431320015,0.28509414857229665,0.018586505148167242,0.25748363146672426
starSE_shell_commands.txt,0.10368483643570012,0.9481682129917613,0.08037086024378702,0.043431275695095466,0.03770652718151913,0.01208284722559118,0.014574851830142992,0.0,0.06557865780485524,1.0,0.0,0.16546307250901301,0.12378866622148012,0.07707458634417111,0.042955734296496906,0.24209928319705115,0.06103506685902641,0.28651091250984384,0.12361273173016492,0.06368450047170068,0.2598910689856718,0.2821551372865872,0.09082182927241919,0.1321651779252798,0.056122547479677994,0.006737865292616436,0.06976362674181949,0.011102419987408272,0.23459463977478556,0.050645586613082307,0.378912834256818,0.20359757980699714,0.08228636048986174,0.13398571693899927,0.035089940369117084,0.0032335592898064627,0.21799392421162883,0.0,0.1089919529166291,0.4066708487592755,0.21770821793337677,0.09152698904342911,0.3600448463071448,0.0806933918731576,0.06375716910101267,0.17726773570081011,0.039224973294110455,0.043444918349278154,0.1043937299332128,0.1086051568611841,0.14472014752271495,0.2552559657447101,0.19558374406714585,0.22000397308770286,0.039224973294110455,0.2552559657447101,0.07570469968078006,0.08146179995604555,0.009717284551447611,0.10914416330851068,0.00894075792911441,0.11404600307796194
hisat2_shell_commands.txt,0.0,0.0,0.0,0.0,0.0,0.0,0.0,0.0,0.0,0.0,1.0,0.0,0.0,0.0,0.0,0.0,0.0,0.0,0.0,0.0,0.0,0.0,0.0,0.0,0.0,0.0,0.0,0.0,0.0,0.0,0.0,0.0,0.0,0.0,0.0,0.0,0.0,0.0,0.0,0.0,0.0,0.0,0.0,0.0,0.0,0.0,0.0,0.0,0.0,0.0,0.0,0.0,0.0,0.0,0.0,0.0,0.0,0.0,0.0,0.0,0.0,0.0
generate_genome_star_index_shell_commands.txt,0.043074557114941056,0.16922782294867736,0.10992283902057935,0.018042975519022033,0.015664700977694665,0.030117998590040603,0.036329629819417,0.0,0.04231826841171278,0.16546307250901301,0.0,1.0000000000000002,0.058286362940047846,0.04396825683751816,0.02430971236412692,0.10258060330135407,0.038090139703343934,0.15303325261111977,0.1209416957564444,0.05281781413197183,0.017360645568589215,0.15748643131270504,0.04836606252980223,0.12277306942027971,0.02171058999029142,0.016794966748656916,0.05785963999292214,0.027674161833196608,0.012895475534957549,0.03261802407710528,0.08114482019070073,0.10416515464937612,0.0515036425533999,0.1162164709923296,0.014577672999723082,0.008060048456537428,0.01751145134107794,0.0,0.061256957074473914,0.047809431002957724,0.015496231297106899,0.07310631455500312,0.05615893958274424,0.11670168552203186,0.02453470305542838,0.02628044209957962,0.03253189290069905,0.02514919187078992,0.05867260896090768,0.08616372060210781,0.34727715903855993,0.0355288318591787,0.03888676325831014,0.6069360199118974,0.03253189290069905,0.0355288318591787,0.048852658903948576,0.0447109577677894,0.02422153958875394,0.07910657830725881,0.022285950461463946,0.06890236712941199
rsem_norm_shell_commands.txt,0.09747521446138342,0.12346861015775219,0.19538290803652103,0.07399957733070987,0.06424557025748229,0.04843898864552142,0.013701972792975473,0.0,0.06165119175919329,0.12378866622148012,0.0,0.058286362940047846,1.0,0.17828993463576842,0.06551070218782976,0.11303473487821292,0.04241539589586284,0.11643052949612195,0.11620964019196334,0.07934300257768045,0.05512278990196321,0.11650808963983231,0.17109708620826963,0.12424988557109602,0.0726342776893119,0.006334338626429684,0.17638476422577581,0.04450854882687361,0.08478450974815216,0.032380956021361845,0.017197639814040377,0.07503450326091093,0.08036343818408079,0.2212275196451612,0.0329884251207552,0.012963032536885535,0.1064014536153193,0.0,0.05893663189729924,0.06498918295435185,0.035067069058842576,0.0860454931762916,0.06609858097851674,0.11375738743882133,0.19151540579154272,0.1395198601796833,0.09034185334120837,0.11455794890608244,0.05645017516262081,0.10210085988052055,0.04068799826798798,0.03418305095500755,0.1566133352718587,0.09935850865352513,0.09034185334120837,0.03418305095500755,0.07117079112812157,0.16417871006307716,0.009135322272722533,0.10260758555859795,0.03584265063729953,0.05633293303664537
tximeta_shell_commands.txt,0.12300897871912107,0.0839442064453523,0.07065357240263481,0.08291933247231492,0.0719895976735917,0.06734789641985808,0.038905251968743844,0.0,0.08856291064243423,0.07707458634417111,0.0,0.04396825683751816,0.17828993463576842,0.9999999999999997,0.1516140742178387,0.0376838062242674,0.1629728098864452,0.0943253848701222,0.13269505935547765,0.11280351112716264,0.04803887153025453,0.10099215106726583,0.516702752671262,0.13498723701065338,0.187422885054933,0.017985661192009842,0.10338207476543232,0.061883148678572336,0.04023474046450494,0.07064437257887007,0.017001300292926264,0.03826590385315195,0.0834245445280839,0.11346235185528519,0.04162978769607011,0.018023352613125543,0.0527802229616761,0.0,0.08057810427846385,0.18167877479415062,0.06796079368637828,0.10694148208495749,0.1849526224392295,0.06402446942238958,0.054862896521130966,0.060082079952867615,0.0581271259989264,0.07112260639274005,0.07717862311367765,0.12092223498542971,0.030900612623894496,0.05868224861941524,0.11778187164235408,0.06787484998572635,0.0581271259989264,0.05868224861941524,0.10223796548249656,0.3870592224243034,0.025938747668376283,0.12790381663959385,0.049834383211409095,0.06902745636271036
fastp_trimming_PE_shell_commands.txt,0.0361669472742944,0.04883719277342923,0.039063818903561025,0.16283446067875448,0.14137098023037858,0.19038394501888906,0.03050366374440867,0.0,0.11861722543995346,0.042955734296496906,0.0,0.02430971236412692,0.06551070218782976,0.1516140742178387,1.0,0.0177082758072773,0.18570405481287383,0.032388552512467556,0.049242678874123036,0.1310481642997227,0.048749679712413986,0.03874979625722212,0.0769186371186815,0.04533509816477327,0.7592161140693702,0.014101658091372656,0.04858103458498051,0.17493579758109806,0.04190532133325914,0.13643945389895734,0.03106940903190998,0.017981813604858156,0.14289273902833946,0.13201789877414813,0.012239938517673398,0.05094972753954613,0.039978537257549795,0.0,0.05241102792709791,0.05380639966513664,0.04089341359657559,0.045687808830386686,0.06022343415814709,0.10909354149610259,0.15509043682285226,0.04578973279301344,0.027314947246769493,0.17603075669547066,0.05019987759214429,0.05045503835250495,0.024227626073024016,0.04444904419012312,0.14379910575094734,0.044463862348994736,0.027314947246769493,0.04444904419012312,0.04101844933828321,0.07464650979673645,0.020337275734979933,0.0513157338200597,0.14087546868908055,0.038164751802781054
pass2_shell_commands.txt,0.050169648271567564,0.24016057541697775,0.09860570500319278,0.021014951660358546,0.018244936012531243,0.01753946525641454,0.021156860011500758,0.0,0.03875431504866698,0.24209928319705115,0.0,0.10258060330135407,0.11303473487821292,0.0376838062242674,0.0177082758072773,1.0,0.09612111250817218,0.21635359029412948,0.07258948500295916,0.043096000901222495,0.022083156261474973,0.21547536396093517,0.04429277698008766,0.07388067372291166,0.017714470414278413,0.009780687614087185,0.18303773296517786,0.016116276734744705,0.028077081839281356,0.018995375749252592,0.061056009390313616,0.9561234579829604,0.03788023337940323,0.07124561097178489,0.016978856568680825,0.04188752612427027,0.11108140056341113,0.0,0.04351438188419643,0.04059500841433411,0.01804871659239982,0.05845423025171441,0.04490347523389404,0.04911045393303206,0.053418957968811076,0.10999520132945696,0.11721544866238101,0.03334432354134705,0.04167856900503719,0.06863611312646525,0.0873670365012684,0.02523819711678004,0.03561180386384538,0.1825490311417322,0.11721544866238101,0.02523819711678004,0.044738393256295854,0.03977138737662894,0.014105613651708667,0.06644611941105262,0.012978407335282882,0.04676605506070999
cutadapt_shell_commands.txt,0.0,0.06555090110123299,0.025747606411127198,0.06496825592890317,0.05640468231504692,0.09487657420050585,0.026837807203190754,0.0,0.013363141266947208,0.06103506685902641,0.0,0.038090139703343934,0.04241539589586284,0.1629728098864452,0.18570405481287383,0.09612111250817218,1.0000000000000002,0.02460325535197031,0.05405622587120863,0.06150880535992677,0.035203616955346156,0.030306238756413112,0.02988531981521393,0.05173546854118268,0.22421716469718078,0.012406954924257111,0.02559898262918588,0.08717809255334537,0.06421220065343776,0.09800485672949835,0.017970976061337227,0.09760588480913793,0.11881903756282239,0.11189686198670806,0.0,0.07257123504995958,0.2597704693734669,0.0,0.09838901050950676,0.07645259136619934,0.04906280533270268,0.04767034053054767,0.08083389220981463,0.10408353241071013,0.07728828886045147,0.2510960751327856,0.014393165276545156,0.08206667768775613,0.09423811131618316,0.05949786176912783,0.021316008561692888,0.0817897558345584,0.08760914832249739,0.0535048465520363,0.014393165276545156,0.0817897558345584,0.01542655233073675,0.03054118158274776,0.017893191119167373,0.0458786641156586,0.07020435392692644,0.05979917434385435
run_star_se_shell_commands.txt,0.1761670635317151,0.2818474292270211,0.061986253025896595,0.1271202936818902,0.15666295057616603,0.012317710793640156,0.014858154402848081,0.0,0.10649013036557126,0.28651091250984384,0.0,0.15303325261111977,0.11643052949612195,0.0943253848701222,0.032388552512467556,0.21635359029412948,0.02460325535197031,1.0000000000000002,0.19007446141643236,0.09957907663211023,0.05849954231191831,0.9762439171936926,0.12170886232770484,0.2054621629165361,0.04093165421366605,0.006868834347683656,0.1090845885890963,0.011318226239323652,0.005274013733389149,0.013340175511351353,0.06361642084359707,0.21969558051564197,0.08230241136005412,0.10324954114271073,0.059620017418495944,0.003296412461589796,0.033014886808371786,0.0,0.08593590668076075,0.10629741153605853,0.06337675292017494,0.13791570044870471,0.10594432965408744,0.02789062436294234,0.010034244996098155,0.035014214328967765,0.06133339498018666,0.033507016016989216,0.0823103870838924,0.16256722002797996,0.11091205900873827,0.04984254074871611,0.09785505514035633,0.25265265792740277,0.06133339498018666,0.04984254074871611,0.1229333384998895,0.10509007638493749,0.00990616686361212,0.168509669605414,0.009114546297790174,0.07973958493005409
salmon_quant_pe_shell_commands.txt,0.23223576980617708,0.12770627109565258,0.15121055194673605,0.09727840725263422,0.08445597898153744,0.027063449423733,0.1424500976615965,0.0,0.14688464197569606,0.12361273173016492,0.0,0.1209416957564444,0.11620964019196334,0.13269505935547765,0.049242678874123036,0.07258948500295916,0.05405622587120863,0.19007446141643236,1.0,0.14264206320023587,0.054688381781013,0.19264185077753643,0.16787623986282557,0.9105431349270079,0.058632554194153357,0.015091631398304715,0.15625823522328297,0.024867465109869,0.05056373429837798,0.029309923840847553,0.023163496145972046,0.07371076683024344,0.13215143717836925,0.2053557918477133,0.07859528542660549,0.007242603226247241,0.04729217954155882,0.0,0.14041717326895453,0.2924730308410177,0.08354767745551361,0.2870494519898741,0.2891377556603838,0.06127895958009909,0.022046408338914733,0.05323466405506608,0.0878570308034741,0.05094316052313731,0.13449316276989004,0.9146978486701229,0.02592846883542929,0.08144149460686692,0.13497405525245018,0.12933995919293745,0.0878570308034741,0.08144149460686692,0.16956519210226487,0.14613127379119523,0.02176500572126181,0.32342517628500983,0.020025722870346794,0.2977483722723124
fetch_unique_stringtie_shell_commands.txt,0.12564240327460766,0.07421024892319578,0.0848741233638778,0.1167601913703569,0.1013698368091663,0.11561692559639157,0.0529842011887468,0.0,0.097054403363942,0.06368450047170068,0.0,0.05281781413197183,0.07934300257768045,0.11280351112716264,0.1310481642997227,0.043096000901222495,0.06150880535992677,0.09957907663211023,0.14264206320023587,1.0,0.0483153895955669,0.10944640626134919,0.11092465542833578,0.14180010967861267,0.1372167091142846,0.02449427372622292,0.11822993571154153,0.10623552889962726,0.018807140991113944,0.08639255282813355,0.026235013818907776,0.04376170010872064,0.10238350351422065,0.12803360501886796,0.04252101455040285,0.030940901332366468,0.03578276267402801,0.0,0.06859364562100159,0.07977127480124013,0.04520031945243985,0.11912823440915518,0.09151214036031438,0.08006042453832835,0.09418377948350914,0.047942900262167965,0.06647541544840076,0.11315000202939471,0.06569977254716039,0.1338645107332845,0.04208286010935756,0.03978408687381872,0.12875214268260346,0.0863554583016333,0.06647541544840076,0.03978408687381872,0.30513421488437176,0.09960150935315543,0.0353254060955452,0.1401673513424357,0.08555127156423949,0.08292071649875823
bigwig_shell_commands.txt,0.05159817454020311,0.2559002351670385,0.046954564658180195,0.039171425557867234,0.03400817495911981,0.09743928913694888,0.0145061857544751,0.0,0.036246325793584354,0.2598910689856718,0.0,0.017360645568589215,0.05512278990196321,0.04803887153025453,0.048749679712413986,0.022083156261474973,0.035203616955346156,0.05849954231191831,0.054688381781013,0.0483153895955669,1.0,0.06034876286391735,0.049324571608990925,0.05608562785774824,0.055946730505211,0.0067061213837647515,0.04163576813373932,0.029085506271069456,0.1193192403408917,0.042344240133603765,0.41318977611802843,0.015411088468409443,0.04502628972090089,0.07364753543154198,0.017462311076642794,0.008471099914091392,0.09398575636238674,0.0,0.04719721305644512,0.21439250697395057,0.10834126776801428,0.04350353585793849,0.20924312582519905,0.04846084589425089,0.10620604785378814,0.09214691885599745,0.02340993393548315,0.04379917502720134,0.04520602651448685,0.0493055441991928,0.011521581379537448,0.10449549494222561,0.1356286975574775,0.026140317351633472,0.02340993393548315,0.10449549494222561,0.04184314379993086,0.04475718987766569,0.00967150379126752,0.05234745983992389,0.02342250348215082,0.027255144747783365
run_star_pe_shell_commands.txt,0.17136033398921263,0.28088434128369544,0.07416060580594053,0.19160586124749268,0.1523883919972039,0.023963242541086102,0.02890549742831999,0.0,0.11078088549480505,0.2821551372865872,0.0,0.15748643131270504,0.11650808963983231,0.10099215106726583,0.03874979625722212,0.21547536396093517,0.030306238756413112,0.9762439171936926,0.19264185077753643,0.10944640626134919,0.06034876286391735,1.0,0.12661281843624808,0.20413650907993963,0.044987587830006025,0.013362835530533152,0.11989382311388647,0.022018815431827942,0.010260223865905069,0.025952375946691558,0.06651537256764586,0.21880378831643255,0.08407914157383353,0.11150021243435368,0.05799328144807771,0.006412939275479682,0.03628634484783276,0.0,0.09158916137606812,0.10773320065500105,0.061647514182455725,0.14495160097918708,0.11134918031858473,0.04127326102663656,0.019520919965285245,0.04189114875794242,0.06741094506418352,0.040087930553426604,0.08772513861474183,0.1694282811288382,0.11936495526909782,0.053121409715101396,0.10179788137527178,0.2643377161618397,0.06741094506418352,0.053121409715101396,0.12788663183244017,0.11062797796864215,0.019271752940308744,0.17430493663086954,0.017731710643724093,0.09111041422259505
edgeR_shell_commands.txt,0.16423292653578542,0.09630657369633025,0.07772050444046294,0.06879352618751992,0.059725737353719846,0.028708171256665718,0.03462903524047502,0.0,0.10962167848900242,0.09082182927241919,0.0,0.04836606252980223,0.17109708620826963,0.516702752671262,0.0769186371186815,0.04429277698008766,0.02988531981521393,0.12170886232770484,0.16787623986282557,0.11092465542833578,0.049324571608990925,0.12661281843624808,1.0,0.17509750418047512,0.09744260751176624,0.016008792225320274,0.12151318139342396,0.02637873080832159,0.03581239485496882,0.0459644901522708,0.011104892592645743,0.044976962656645414,0.0704932812904103,0.11024336687490337,0.055581161111829105,0.007682756566162278,0.0559054967461617,0.0,0.08883317193337942,0.11376352247688426,0.08018544511015543,0.12984351414284462,0.11876015533704537,0.044696023279157615,0.0233862304940671,0.06185681034854262,0.06832143794184779,0.04201225368545988,0.08508542063667324,0.14791328758380112,0.027504214710260346,0.062156998874981426,0.11589188594600872,0.06836427484705887,0.06832143794184779,0.062156998874981426,0.12654843094239926,0.8217666902045391,0.023087726248981116,0.15831718902951014,0.0212427422941988,0.07593174055204356
salmon_quant_se_shell_commands.txt,0.25641323777618547,0.13261304127456577,0.14966292450940277,0.10740581173251654,0.09324847347282968,0.014940477726413624,0.13925836143131073,0.0,0.15320294422487993,0.1321651779252798,0.0,0.12277306942027971,0.12424988557109602,0.13498723701065338,0.04533509816477327,0.07388067372291166,0.05173546854118268,0.2054621629165361,0.9105431349270079,0.14180010967861267,0.05608562785774824,0.20413650907993963,0.17509750418047512,1.0,0.0582864719490008,0.008331391140550147,0.15533591141165817,0.01372817643343553,0.04943080350122218,0.016180652268333803,0.019795713639487858,0.07502190040098554,0.14089370690843744,0.212933813996508,0.08677763820361892,0.0039983059989428605,0.047013034552928386,0.0,0.14506251411633636,0.31751472094070154,0.09224561101387602,0.30346769846335586,0.30889501212394715,0.05002215549622091,0.01217080156996268,0.049010305204443,0.08733844929375137,0.04690064058139368,0.13894252297394333,0.8172179637646826,0.01431390747906766,0.08413577688560547,0.14078001879916419,0.11963850433896286,0.08733844929375137,0.08413577688560547,0.17685910738321245,0.15086365023414686,0.012015452210190711,0.3441365115453819,0.011055274655320668,0.311854349878519
fastp_trimming_SE_shell_commands.txt,0.05164489950443961,0.059600298049810735,0.03488723120071635,0.17979886364704212,0.15609927709489407,0.19486766948890072,0.021778982846540767,0.0,0.15853623433552355,0.056122547479677994,0.0,0.02171058999029142,0.0726342776893119,0.187422885054933,0.7592161140693702,0.017714470414278413,0.22421716469718078,0.04093165421366605,0.058632554194153357,0.1372167091142846,0.055946730505211,0.044987587830006025,0.09744260751176624,0.0582864719490008,1.0,0.010068291214234325,0.04859802892255672,0.17905570336526258,0.05210844559624042,0.143361063139177,0.029782310904827143,0.01798810389927539,0.15841170193485632,0.14461654011274055,0.017478124152741196,0.05214964248030874,0.050800456921108475,0.0,0.06278847885160889,0.07029916422970858,0.058394097228374214,0.04896727166827075,0.07349592434726432,0.11127707217127773,0.1587429653308545,0.05358327209787876,0.027324502404216293,0.18476719217872833,0.06013951790703291,0.0550245699210424,0.017298022200809005,0.05648109984660271,0.16284591279530908,0.035496129088681695,0.027324502404216293,0.05648109984660271,0.04605393705781517,0.09392610559039603,0.014520392799002255,0.0576153319676794,0.14419322106637752,0.03408428968884565
fastqc 5_shell_commands.txt,0.0,0.013093749265211077,0.026988206595525702,0.0,0.0,0.02332111599244571,0.028130936670586255,0.0,0.2966909128214433,0.006737865292616436,0.0,0.016794966748656916,0.006334338626429684,0.017985661192009842,0.014101658091372656,0.009780687614087185,0.012406954924257111,0.006868834347683656,0.015091631398304715,0.02449427372622292,0.0067061213837647515,0.013362835530533152,0.016008792225320274,0.008331391140550147,0.010068291214234325,1.0000000000000002,0.026832421655054218,0.02142879236069524,0.009985287695309817,0.02525694795663159,0.009021072290580355,0.009931768824810382,0.007829144832405831,0.021542528492170022,0.0,0.00624109614713243,0.008120939678042359,0.0,0.329742421453147,0.008439857419779656,0.0,0.02101913488223341,0.01614651666026454,0.027529273754538525,0.01899783128302105,0.015244845493329124,0.31955969475907764,0.014588626131156824,0.616751430009499,0.02198801530899531,0.02234308050500362,0.7379109069703526,0.012871217559500828,0.03616172274335907,0.31955969475907764,0.7379109069703526,0.016169851857712365,0.016360120396807173,0.01875534101564565,0.020229136576982432,0.01725656617453872,0.026367063826074705
trim_galore_pe_shell_commands.txt,0.13763584011921218,0.08129413072174305,0.19426375309407842,0.05765259726720638,0.05005331276020016,0.04811791828280483,0.05804190984567346,0.0,0.1063189177866095,0.06976362674181949,0.0,0.05785963999292214,0.17638476422577581,0.10338207476543232,0.04858103458498051,0.18303773296517786,0.02559898262918588,0.1090845885890963,0.15625823522328297,0.11822993571154153,0.04163576813373932,0.11989382311388647,0.12151318139342396,0.15533591141165817,0.04859802892255672,0.026832421655054218,1.0,0.044213530778078027,0.020602412745121246,0.052112075521768476,0.01861296944117204,0.18586509678616103,0.05942636288769029,0.2115416049088431,0.04657993963689737,0.012877109075745937,0.2225161589023859,0.0,0.07514138376716398,0.08738599500243849,0.04951500273276474,0.13049984875716086,0.10024760742653396,0.056800512691371034,0.03919778511127134,0.30069950710479176,0.32156985961450735,0.05025866788379155,0.07197127048267066,0.14664280463223608,0.04609996032240251,0.043581753273899716,0.09769772585267954,0.09459868438084053,0.32156985961450735,0.043581753273899716,0.12273568887872097,0.10910916266860085,0.03869746056103435,0.1535472949935195,0.03560507315761558,0.09083607270428701
samtools_flagstat_shell_commands.txt,0.0,0.02157542444659666,0.044470227782502134,0.11221055245514507,0.09741989334844715,0.4984361245033241,0.44992490412954783,0.0,0.023080278863284072,0.011102419987408272,0.0,0.027674161833196608,0.04450854882687361,0.061883148678572336,0.17493579758109806,0.016116276734744705,0.08717809255334537,0.011318226239323652,0.024867465109869,0.10623552889962726,0.029085506271069456,0.022018815431827942,0.02637873080832159,0.01372817643343553,0.17905570336526258,0.02142879236069524,0.044213530778078027,1.0,0.44620587381893745,0.1095433673418359,0.031038745356002692,0.016365223096954287,0.09712316713115897,0.093433344208564,0.0,0.04385337585818757,0.013381401836103318,0.0,0.02565143289296971,0.013906903394302075,0.0,0.03463459910518921,0.02660566834014719,0.09471979498435416,0.13348921665428046,0.025119925964617127,0.024859294807401948,0.1417422571967896,0.024569233655965143,0.036231086560537674,0.03681615063614565,0.014877745969218198,0.09044025730137761,0.059586028501481515,0.024859294807401948,0.014877745969218198,0.026644119266561343,0.026957637144951703,0.03090439833977492,0.033332867385522956,0.36882008429864194,0.04344673033945531
bamindex_shell_commands.txt,0.0,0.2329716577038775,0.07747411175739993,0.0,0.0,0.485609210481165,0.7310664285402052,0.0,0.01075483959425479,0.23459463977478556,0.0,0.012895475534957549,0.08478450974815216,0.04023474046450494,0.04190532133325914,0.028077081839281356,0.06421220065343776,0.005274013733389149,0.05056373429837798,0.018807140991113944,0.1193192403408917,0.010260223865905069,0.03581239485496882,0.04943080350122218,0.05210844559624042,0.009985287695309817,0.020602412745121246,0.44620587381893745,1.0,0.07505504056062565,0.006926540478656521,0.00762578954849306,0.04051974251477103,0.10931770556916898,0.0,0.004792025127593668,0.24859543351686306,0.0,0.08056912584452806,0.25835803457124173,0.26735736910702834,0.07042352965805979,0.2533346203554533,0.10017747916285122,0.09448596082942952,0.23918763574154084,0.011583817061465818,0.04187906474154337,0.07717002346771816,0.05474073944272907,0.017155416401815875,0.27639403959851333,0.06661499212581416,0.02776561680160495,0.011583817061465818,0.27639403959851333,0.012415501153147135,0.03659833192154296,0.014400685921952521,0.06777668099414619,0.359328750748815,0.08834149034939845
expressbam_shell_commands.txt,0.0,0.06192488094765175,0.05241463027017581,0.0661282268230567,0.057411755520937365,0.11921687106679119,0.05463396167224233,0.0,0.027203464957910352,0.050645586613082307,0.0,0.03261802407710528,0.032380956021361845,0.07064437257887007,0.13643945389895734,0.018995375749252592,0.09800485672949835,0.013340175511351353,0.029309923840847553,0.08639255282813355,0.042344240133603765,0.025952375946691558,0.0459644901522708,0.016180652268333803,0.143361063139177,0.02525694795663159,0.052112075521768476,0.1095433673418359,0.07505504056062565,1.0000000000000004,0.0640785889241438,0.019288795238717286,0.08666101684495336,0.10600343547663879,0.0,0.03190430316152745,0.06104155188359364,0.0,0.07362366992897762,0.06343871707021506,0.04993879354198655,0.0408219115839238,0.07636247660268901,0.10812992923525683,0.09711636455777753,0.07209816097120239,0.029300293951270626,0.09769844196317048,0.07051758693723753,0.04270360421010796,0.1809528652959241,0.06786738143089921,0.10167215409051011,0.07023079954634728,0.029300293951270626,0.06786738143089921,0.03140396912427741,0.04697322460589082,0.03642532753877422,0.03928763145540795,0.08821506763878433,0.05120828969728407
map_shell_commands.txt,0.0,0.37271362062077434,0.0414230379051254,0.015746096629015088,0.0136705775053214,0.03377970015869991,0.019513716329161122,0.0,0.009716313481777759,0.378912834256818,0.0,0.08114482019070073,0.017197639814040377,0.017001300292926264,0.03106940903190998,0.061056009390313616,0.017970976061337227,0.06361642084359707,0.023163496145972046,0.026235013818907776,0.41318977611802843,0.06651537256764586,0.011104892592645743,0.019795713639487858,0.029782310904827143,0.009021072290580355,0.01861296944117204,0.031038745356002692,0.006926540478656521,0.0640785889241438,1.0,0.0619991348825673,0.017249524955997814,0.041194692066760144,0.0,0.009039977185484663,0.005633289607780596,0.0,0.010798715419394863,0.19802863792130868,0.0,0.014580440046461146,0.19502715256598332,0.026022587935494286,0.0275175958394914,0.010574962146559595,0.010465241893974186,0.02663667909326073,0.010343132230874371,0.015252527791924556,0.07749332561121985,0.006263219114268996,0.17022202541148815,0.11450655441969168,0.010465241893974186,0.006263219114268996,0.011216615569217101,0.011348600022551787,0.013010103734607092,0.014032438285634446,0.024995443242660606,0.01829016253386577
pass1_shell_commands.txt,0.05094461333552772,0.20282629385387957,0.07190490338791343,0.02133956731780614,0.0185267635415457,0.017810395455898666,0.021483667711711417,0.0,0.039352948710155954,0.20359757980699714,0.0,0.10416515464937612,0.07503450326091093,0.03826590385315195,0.017981813604858156,0.9561234579829604,0.09760588480913793,0.21969558051564197,0.07371076683024344,0.04376170010872064,0.015411088468409443,0.21880378831643255,0.044976962656645414,0.07502190040098554,0.01798810389927539,0.009931768824810382,0.18586509678616103,0.016365223096954287,0.00762578954849306,0.019288795238717286,0.0619991348825673,1.0,0.038465365197047074,0.04981720791975375,0.017241127107144517,0.0425345581542003,0.11279726279601911,0.0,0.04418654377693157,0.04122207506471178,0.01832751314151485,0.0593571663464734,0.04559709429951522,0.030675861139350225,0.014508691953877788,0.111694285161422,0.1190260628643793,0.01860277381153621,0.042322373297224374,0.06969632765121353,0.08871658554860716,0.025628048784405326,0.036161895499124436,0.18536884603915477,0.1190260628643793,0.025628048784405326,0.0454294623186833,0.04038573164301242,0.014323501521414716,0.06747250534265328,0.013178883372432787,0.04748844519298897
fastqScreen_shell_commands.txt,0.08031857431848248,0.08389524083134765,0.038009431139322036,0.11563733754297738,0.10039498820789115,0.10569987370702034,0.01693542701337299,0.0,0.0536107899698009,0.08228636048986174,0.0,0.0515036425533999,0.08036343818408079,0.0834245445280839,0.14289273902833946,0.03788023337940323,0.11881903756282239,0.08230241136005412,0.13215143717836925,0.10238350351422065,0.04502628972090089,0.08407914157383353,0.0704932812904103,0.14089370690843744,0.15841170193485632,0.007829144832405831,0.05942636288769029,0.09712316713115897,0.04051974251477103,0.08666101684495336,0.017249524955997814,0.038465365197047074,1.0000000000000002,0.14438052682028282,0.1558502868854304,0.07593030725687602,0.04605096836176971,0.0,0.11300635954437359,0.1030719849635554,0.05985494332911994,0.09835510334805869,0.10345515836318588,0.09892967423039366,0.0861051575736371,0.04781291759231764,0.03341279125098096,0.1065537397690982,0.10823877417844645,0.12095261433219825,0.013451013507916726,0.08114515542603999,0.12209290700609232,0.05741966514931391,0.03341279125098096,0.08114515542603999,0.06188886583178389,0.0632456632612706,0.011291117412862465,0.1109702273809558,0.07821310377498346,0.0808575480263711
